[Variables]
idex_applied_offset = 1
idex_xcontrolpoint = 161.1045512814157
idex_xoffset = 0.1137300685225
idex_ycontrolpoint = 428.7803317133885
idex_yoffset = 0.3614454502749709
idex_zcontrolpoint = -1.849999999999996
idex_zoffset = 0.03281250001509406
idex_zoffsetcontrolpoint = -6.1131249999917205
nozzle_expansion_applied_offset = 0
nozzle_expansion_coefficient_multiplier = 1.0
nozzle_expansion_coefficient_t0 = 0.06
nozzle_expansion_coefficient_t1 = 0.06
t0_filament = ('', '', 0)
t1_filament = ('', '', 0)

