[Variables]
idex_applied_offset = 0
idex_xcontrolpoint = 380.000000000598
idex_xoffset = -77.3937237068067
idex_ycontrolpoint = 9.999999999547532
idex_yoffset = 0.28367340907254857
idex_zcontrolpoint = 19.995802736369086
idex_zoffset = -10.004197263630914
idex_zoffsetcontrolpoint = -6.081250000002636
nozzle_expansion_applied_offset = 0
nozzle_expansion_coefficient_multiplier = 1.0
nozzle_expansion_coefficient_t0 = 0.06
nozzle_expansion_coefficient_t1 = 0.06
t0_filament = ('', '', 0)
t1_filament = ('', '', 0)

