[Variables]
idex_applied_offset = 0
idex_xcontrolpoint = 161.08788584401518
idex_xoffset = -1.6695770732559083
idex_ycontrolpoint = 428.89421220229195
idex_yoffset = 0.30867156517331296
idex_zcontrolpoint = -1.865624999084357
idex_zoffset = 0.03218750089926292
idex_zoffsetcontrolpoint = -6.081250000002636
nozzle_expansion_applied_offset = 0
nozzle_expansion_coefficient_multiplier = 1.0
nozzle_expansion_coefficient_t0 = 0.06
nozzle_expansion_coefficient_t1 = 0.06
t0_filament = ('', '', 0)
t1_filament = ('', '', 0)

