[Variables]
idex_applied_offset = 0
idex_xcontrolpoint = 161.15710660380188
idex_xoffset = 0.19720767590592914
idex_ycontrolpoint = 428.85045776149457
idex_yoffset = 0.3360863209101126
idex_zcontrolpoint = -1.7499999999999998
idex_zoffset = 0.051249999980900185
idex_zoffsetcontrolpoint = -6.007812499999856
nozzle_expansion_applied_offset = 0.041999999999999996
nozzle_expansion_coefficient_multiplier = 1.0
nozzle_expansion_coefficient_t0 = 0.06
nozzle_expansion_coefficient_t1 = 0.06
t0_filament = ('', '', 0)
t1_filament = ('', '', 0)

