[Variables]
idex_applied_offset = 1
idex_xcontrolpoint = 161.10732885431577
idex_xoffset = 0.1192852143226446
idex_ycontrolpoint = 429.0053151182953
idex_yoffset = 0.3281145754738759
idex_zcontrolpoint = -1.849999999999996
idex_zoffset = 0.01562499908436088
idex_zoffsetcontrolpoint = -6.081250000002636
nozzle_expansion_applied_offset = 0
nozzle_expansion_coefficient_multiplier = 1.0
nozzle_expansion_coefficient_t0 = 0.06
nozzle_expansion_coefficient_t1 = 0.06
t0_filament = ('', '', 0)
t1_filament = ('', '', 0)

